cv_acc: 85.00080549078187
cv_loss: 0.6253250154177071
epoch: 33
lr: 3.864118600201355e-05
step: 1380057
